0    -3.49367557
1    -3.50500721
2    -3.51572072
3    -3.52582233
4    -3.53531407
5    -3.54420549
6    -3.55250512
7    -3.56023465
8    -3.56742125
9    -3.57408885
10    -3.58025828
11    -3.58594736
12    -3.59116540
13    -3.59591986
14    -3.60022637
15    -3.60410653
16    -3.60757440
17    -3.61063092
18    -3.61327405
19    -3.61550958
20    -3.61734724
21    -3.61879295
22    -3.61985172
23    -3.62053961
24    -3.62088241
25    -3.62090270
26    -3.62061315
27    -3.62002100
28    -3.61913526
29    -3.61796728
30    -3.61652851
31    -3.61483151
32    -3.61287394
33    -3.61065836
34    -3.60818378
35    -3.60545617
36    -3.60248865
37    -3.59930035
38    -3.59591152
39    -3.59234030
40    -3.58860101
41    -3.58470225
42    -3.58064638
43    -3.57643468
44    -3.57206516
45    -3.56754309
46    -3.56287412
47    -3.55807286
48    -3.55314141
49    -3.54808029
50    -3.54288648
