0    -3.48200497
1    -3.49474302
2    -3.50670136
3    -3.51791589
4    -3.52841779
5    -3.53823736
6    -3.54740385
7    -3.55593974
8    -3.56386525
9    -3.57119394
10    -3.57793611
11    -3.58410572
12    -3.58970881
13    -3.59475804
14    -3.59926823
15    -3.60326147
16    -3.60676859
17    -3.60982346
18    -3.61245721
19    -3.61469253
20    -3.61654572
21    -3.61803046
22    -3.61916179
23    -3.61995385
24    -3.62042134
25    -3.62057719
26    -3.62043937
27    -3.62000135
28    -3.61927650
29    -3.61827015
30    -3.61698450
31    -3.61542209
32    -3.61358627
33    -3.61148389
34    -3.60912765
35    -3.60653426
36    -3.60372593
37    -3.60071497
38    -3.59751454
39    -3.59413384
40    -3.59058029
41    -3.58686400
42    -3.58298889
43    -3.57896761
44    -3.57479785
45    -3.57048847
46    -3.56604115
47    -3.56145763
48    -3.55673946
49    -3.55188723
50    -3.54689995
