0    -3.48995477
1    -3.50169549
2    -3.51280981
3    -3.52330278
4    -3.53317850
5    -3.54243444
6    -3.55106977
7    -3.55909387
8    -3.56653230
9    -3.57341240
10    -3.57975937
11    -3.58559353
12    -3.59093097
13    -3.59578363
14    -3.60016000
15    -3.60406852
16    -3.60753008
17    -3.61056850
18    -3.61319901
19    -3.61544032
20    -3.61728801
21    -3.61874270
22    -3.61981393
23    -3.62051793
24    -3.62087510
25    -3.62090270
26    -3.62061554
27    -3.62001640
28    -3.61911842
29    -3.61793474
30    -3.61648157
31    -3.61477414
32    -3.61282267
33    -3.61063585
34    -3.60821855
35    -3.60557592
36    -3.60271425
37    -3.59964040
38    -3.59636288
39    -3.59289029
40    -3.58923278
41    -3.58540168
42    -3.58140624
43    -3.57725198
44    -3.57294032
45    -3.56847287
46    -3.56385277
47    -3.55908849
48    -3.55419561
49    -3.54917289
50    -3.54403066
